0 226 249 436 958 916 730 787 785
226 0 292 436 903 905 744 802 813
249 292 0 426 927 907 735 795 791
436 436 426 0 917 946 725 767 782
958 903 927 917 0 706 730 844 846
916 905 907 946 706 0 736 840 836
730 744 735 725 730 736 0 763 760
787 802 975 767 844 840 763 0 16
785 813 791 782 846 836 760 16 0